7nb5 3 residue manual move

lys-34
try-272
arg-84

Residues outside of 12A to fix (need to add the 3 above)
[1, 2, 3, 17, 18, 19, 20, 21, 22, 24, 25, 40, 41, 42, 43, 44, 45, 46, 47, 48, 49, 50, 51, 52, 53, 54, 55, 56, 57, 58, 59, 60, 61, 62, 63, 64, 65, 66, 67, 68, 69, 70, 71, 92, 93, 94, 95, 96, 97, 98, 99, 100, 101, 103, 104, 105, 106, 107, 108, 109, 110, 111, 112, 113, 114, 115, 116, 117, 118, 119, 120, 121, 122, 123, 124, 125, 125, 126, 127, 128, 129, 130, 131, 132, 133, 134, 135, 136, 137, 138, 139, 140, 147, 148, 149, 150, 151, 152, 153, 154, 155, 156, 157, 158, 159, 160, 161, 162, 163, 164, 165, 166, 167, 168, 169, 174, 175, 176, 177, 178, 179, 180, 181, 182, 183, 184, 185, 186, 187, 188, 189, 196, 199, 200, 202, 203, 204, 205, 206, 207, 208, 209, 210, 211, 212, 213, 214, 215, 216, 217, 218, 219, 220, 221, 222, 223, 224, 225, 226, 227, 228, 229, 230, 231, 232, 235, 240, 241, 242, 243, 244, 245, 246, 247, 248, 249, 250, 251, 252, 253, 254, 255, 256, 257, 258, 259, 260, 261, 262, 263, 281, 282, 283, 284, 285, 286, 287, 288, 289, 290, 291, 292, 293, 294, 295]


[A1-3,14-19,A17-22,2-7,A24-25,A34-34,6-11,A40-71,A84-84,8-13,A92-101,2-7,A103-125,0-5,A125-140,7-12,A147-169,5-10,A174-189,A196-196,3-8,A199-200,2-7,A202-232,A235-235,5-10,A240-263,A272-272,9-14,A281-296]

----------------------------------------------------------------------------------------------

Residues outside of 15A to fix (need to add the 3 above)
[18, 19, 41, 42, 44, 46, 47, 48, 49, 50, 51, 52, 53, 54, 57, 59, 60, 61, 62, 63, 64, 65, 66, 67, 68, 69, 70, 94, 95, 96, 97, 98, 99, 101, 109, 110, 111, 112, 113, 114, 115, 117, 118, 119, 120, 121, 122, 123, 124, 125, 125, 126, 127, 128, 129, 130, 131, 132, 133, 134, 135, 136, 137, 138, 139, 150, 151, 152, 153, 154, 155, 156, 157, 158, 159, 160, 161, 162, 163, 164, 165, 166, 167, 168, 177, 179, 180, 181, 184, 185, 203, 206, 207, 208, 209, 210, 211, 212, 213, 214, 215, 216, 217, 218, 219, 220, 221, 222, 223, 224, 225, 226, 227, 228, 229, 230, 231, 241, 244, 245, 246, 247, 248, 249, 250, 251, 252, 253, 254, 255, 256, 257, 258, 259, 260, 261, 284, 285, 286, 287, 288, 289, 290, 291, 292, 293, 294, 295]

'A18-19,22-27,A41-42,2-7,A44-44,2-7,A46-54,3-8,A57-57,2-7,A59-70,24-29,A94-99,2-7,A101-101,8-13,A109-115,2-7,A117-139,11-16,A150-168,9-14,A177-177,2-7,A179-181,3-8,A184-185,18-23,A203-203,3-8,A206-231,10-15,A241-241,3-8,A244-261,23-28,A284-295'

